1
1.08199
1.16178
1.23939
1.31487
1.38823
1.45951
1.52872
1.5959
1.66108
1.72428
1.78554
1.84486
1.90229
1.95785
2.01157
2.06347
2.11357
2.16191
2.20851
2.25339
2.29659
2.33812
2.37801
2.41629
2.45298
2.4881
2.52168
2.55375
2.58432
2.61343
2.64109
2.66734
2.69218
2.71566
2.73778
2.75858
2.77807
2.79628
2.81323
2.82894
2.84345
2.85676
2.8689
2.87989
2.88975
2.89851
2.90619
2.9128
2.91838
2.92293
2.92648
2.92906
2.93067
2.93135
2.93111
2.92997
2.92795
2.92507
2.92135
2.91682
2.91148
2.90536
2.89848
2.89085
2.8825
2.87344
2.86369
2.85327
2.8422
2.83049
2.81816
2.80524
2.79173
2.77765
2.76303
2.74788
2.7322
2.71604
2.69938
2.68227
2.6647
2.6467
2.62828
2.60946
2.59025
2.57067
2.55073
2.53045
2.50984
2.48892
2.4677
2.4462
2.42443
2.4024
2.38014
2.35764
2.33493
2.31202
2.28893
2.26565
2.24222
2.21864
2.19492
2.17108
2.14713
2.12308
2.09894
2.07473
2.05045
2.02612
2.00176
1.97736
1.95294
1.92852
1.9041
1.8797
1.85532
1.83097
1.80667
1.78243
1.75825
1.73415
1.71012
1.6862
1.66237
1.63866
1.61507
1.59161
1.56829
1.54511
1.52209
1.49923
1.47654
1.45403
1.43171
1.40958
1.38765
1.36593
1.34443
1.32314
1.30209
1.28128
1.2607
1.24038
1.2203
1.20049
1.18095
1.16168
1.14268
1.12397
1.10554
1.08741
1.06958
1.05204
1.03482
1.01791
1.00131
0.985029
0.969075
0.953448
0.938151
0.92319
0.908566
0.894283
0.880343
0.866751
0.853508
0.840617
0.82808
0.8159
0.804078
0.792617
0.781518
0.770783
0.760414
0.75041
0.740775
0.731508
0.72261
0.714083
0.705926
0.69814
0.690726
0.683682
0.67701
0.670708
0.664777
0.659216
0.654023
0.649199
0.644742
0.64065
0.636923
0.633559
0.630557
0.627913
0.625628
0.623697
0.62212
0.620893
0.620014
0.619481
0.619289
0.619437
0.619921
0.620737
0.621883
0.623353
0.625145
0.627255
0.629678
0.63241
0.635446
0.638782
0.642414
0.646335
0.650541
0.655028
0.659788
0.664817
0.67011
0.675659
0.68146
0.687505
0.693789
0.700306
0.707047
0.714008
0.72118
0.728556
0.73613
0.743894
0.751839
0.75996
0.768247
0.776692
0.785288
0.794025
0.802896
0.811892
0.821004
0.830222
0.839538
0.848943
0.858427
0.86798
0.877592
0.887255
0.896957
0.906688
0.916438
0.926197
0.935953
0.945696
0.955415
0.965099
0.974736
0.984314
0.993823
1.00325
1.01258
1.02181
1.03092
1.0399
1.04874
1.05742
1.06594
1.07427
1.0824
1.09033
1.09804
1.10551
1.11273
1.11969
1.12638
1.13277
1.13885
1.14462
1.15005
1.15512
1.15984
1.16417
1.16811
1.17164
1.17474
1.17739
1.17959
1.18131
1.18254
1.18327
1.18347
1.18312
1.18222
1.18075
1.17868
1.176
1.1727
1.16875
1.16414
1.15884
1.15285
1.14614
1.13869
1.13049
1.12152
1.11175
1.10117
1.08976
1.0775
1.06437
1.05035
1.03543
1.01957
1.00276
